45
1.250000e-01	1.060407e-01	-1.815291e-01	-2.108194e-01	5.535204e-02	1.695774e-01	2.018313e-02	-1.204501e-01	-8.915169e-02	5.844933e-02	1.529704e-01	5.124324e-02	-1.223509e-01	-1.024340e-01	6.188896e-02	9.119474e-02	-2.816649e-02	-8.458131e-02	-2.687412e-02	4.548699e-02	6.751707e-02	1.614495e-02	-5.640042e-02	-3.686784e-02	4.714650e-02	4.613708e-02	-3.244848e-02	-5.245627e-02	-8.125861e-03	1.723012e-02	1.818218e-02	1.386436e-02	-1.540008e-03	-6.654303e-03	3.338675e-03	-2.794318e-03	-3.969285e-03	2.228254e-02	1.038977e-02	-5.054025e-02	-4.689147e-02	3.757957e-02	6.629709e-02	-1.511879e-03	-5.161430e-02	-1.428434e-02	
1.221111e-01	1.035900e-01	-1.585093e-01	-1.686857e-01	3.936389e-02	8.013626e-02	-1.993743e-02	-4.944241e-02	-2.451220e-02	2.471653e-02	9.417453e-02	6.118815e-02	-5.488659e-02	-5.527737e-02	2.118330e-02	-7.565310e-03	-5.518264e-02	2.146310e-03	3.607118e-02	-7.663696e-03	1.357830e-03	3.833381e-02	-3.449268e-05	-2.315297e-02	2.862673e-02	2.836075e-02	-4.204984e-02	-5.629669e-02	-1.166513e-02	1.963634e-02	3.651248e-02	2.288154e-02	-2.562486e-02	-2.091592e-02	3.685405e-02	2.701826e-02	-2.734898e-02	-1.276937e-02	1.169724e-02	-3.104885e-02	-4.026917e-02	2.537766e-02	4.588705e-02	4.356444e-03	-8.259267e-03	
-1.470351e-01	-1.247337e-01	2.280918e-01	2.768085e-01	-7.174862e-02	-2.508877e-01	-4.891293e-02	1.612867e-01	1.090128e-01	-8.303018e-02	-1.679091e-01	-3.044873e-02	1.763408e-01	1.542524e-01	-1.004012e-01	-2.151602e-01	-1.162176e-02	1.966224e-01	1.093525e-01	-1.144057e-01	-1.521653e-01	1.014184e-02	1.222553e-01	5.294064e-02	-6.074914e-02	-5.625296e-02	1.822573e-02	2.907331e-02	-8.343861e-03	-1.062114e-03	2.503874e-02	-4.757125e-03	-4.637234e-02	-1.634845e-02	4.670109e-02	4.288317e-02	-2.618077e-02	-5.952240e-02	-4.543452e-03	6.324037e-02	4.136591e-02	-4.634364e-02	-7.192905e-02	1.096280e-02	
-2.152281e-01	-1.825835e-01	2.574808e-01	2.539664e-01	-4.470493e-02	-1.821828e-02	9.161551e-02	-3.857106e-02	-9.422023e-02	-4.796644e-03	-5.354098e-02	-9.317126e-02	6.341027e-02	1.134658e-01	-3.442989e-02	-4.585018e-02	7.448262e-02	6.034621e-02	-1.687902e-02	-2.623852e-02	-5.578038e-02	-6.339768e-02	3.272008e-02	5.391573e-02	-5.099679e-02	-4.382776e-02	7.254888e-02	7.068214e-02	-5.982946e-03	-1.436904e-02	-1.967716e-02	-3.718868e-02	7.853105e-03	2.171330e-02	-4.781030e-02	-4.116536e-02	4.575843e-02	4.110590e-02	-8.146195e-03	2.127123e-02	3.092185e-02	-2.722543e-02	-2.793987e-02	
-2.335300e-02	-1.981096e-02	-3.701775e-02	-1.010181e-01	3.486175e-02	2.587789e-01	1.381521e-01	-1.444760e-01	-1.067698e-01	4.253378e-02	-4.897275e-02	-1.147764e-01	1.418228e-02	4.833454e-02	-2.270690e-03	8.412636e-02	1.089540e-01	-5.737890e-02	-9.104418e-02	4.718425e-02	2.735892e-02	-8.261333e-02	-2.802150e-02	3.162748e-02	-4.073297e-02	-3.326872e-02	8.156838e-02	9.292166e-02	1.527986e-02	-3.655355e-02	-7.194619e-02	-3.572739e-02	7.419374e-02	4.502839e-02	-1.123337e-01	-9.142243e-02	8.123296e-02	9.564491e-02	-9.786250e-03	-1.641303e-02	1.489693e-02	-2.190039e-03	
1.013558e-01	8.598277e-02	-1.088103e-01	-9.496794e-02	-1.334792e-02	-1.247129e-01	-9.622825e-02	2.435703e-01	3.230439e-01	-9.419240e-02	-3.423542e-01	-6.586251e-02	1.880445e-01	6.382995e-02	-8.148851e-02	-1.457802e-02	4.365784e-02	-3.433077e-03	-1.453972e-02	1.634865e-02	5.298283e-03	-1.058355e-02	3.197367e-03	-3.527829e-03	-2.797284e-02	-1.837224e-02	1.643942e-02	3.846910e-02	2.972506e-02	-1.339894e-02	-4.553493e-02	-1.425051e-02	2.893097e-02	1.341406e-02	-9.434086e-03	8.103293e-03	-3.000453e-03	-4.944334e-02	-1.915676e-02	7.431862e-02	7.125100e-02	
6.251997e-02	5.303731e-02	3.198862e-02	1.375950e-01	-7.192857e-02	-4.844327e-01	-2.629584e-01	3.674521e-01	3.584366e-01	-8.651998e-02	-7.223496e-02	1.242707e-01	-7.254430e-02	-2.044417e-01	6.792999e-02	1.879477e-01	-6.534588e-02	-2.117736e-01	-6.935992e-02	1.217768e-01	1.946472e-01	6.578321e-02	-1.504507e-01	-1.161093e-01	1.175141e-01	1.122178e-01	-1.037426e-01	-1.259822e-01	1.429392e-02	4.960869e-02	2.456613e-02	1.859237e-02	-2.659555e-02	-2.031753e-02	8.521849e-02	7.682787e-02	-7.436000e-02	-1.101931e-01	-6.814539e-03	4.131407e-02	
-2.056888e-02	-1.744911e-02	9.049127e-02	1.546844e-01	-1.593352e-02	-1.772054e-01	-9.712046e-02	-1.001672e-01	-2.135546e-01	1.142625e-01	5.975287e-01	2.629087e-01	-5.102632e-01	-4.336356e-01	2.775912e-01	3.804302e-01	-1.289493e-01	-3.572555e-01	-1.299440e-01	1.716228e-01	2.905303e-01	8.870908e-02	-2.101498e-01	-1.319159e-01	1.658922e-01	1.185411e-01	-1.362427e-01	-1.204312e-01	1.820382e-02	-1.411927e-03	-7.081058e-03	7.016699e-02	4.868390e-02	-7.758211e-03	1.410249e-02	-2.281646e-03	-3.311803e-02	3.250899e-02	1.984054e-02	
-5.998545e-02	-5.088721e-02	2.449335e-02	-2.278192e-02	5.912680e-02	3.174559e-01	1.675893e-01	-4.151033e-01	-4.977454e-01	1.388471e-01	4.729337e-01	8.735481e-02	-1.982840e-01	-8.903901e-03	7.306676e-02	-1.105143e-01	-8.767511e-02	1.183544e-01	8.097220e-02	-1.128043e-01	-1.027935e-01	5.811734e-02	1.264003e-01	6.392956e-02	-5.618020e-02	-1.164636e-01	-1.513241e-02	1.039724e-01	2.877951e-02	-1.061000e-01	-5.845891e-02	6.858250e-02	7.158179e-02	2.964472e-03	-3.020567e-02	-3.277083e-02	4.798979e-03	5.557024e-02	
5.241878e-03	4.446821e-03	-1.281720e-01	-2.474796e-01	8.082307e-02	5.059961e-01	2.556964e-01	-2.509908e-01	-1.827472e-01	-1.763754e-02	-2.942683e-01	-2.260644e-01	4.488776e-01	5.276643e-01	-2.655958e-01	-5.790365e-01	5.266943e-02	5.267742e-01	2.193577e-01	-2.995729e-01	-3.966599e-01	-3.656235e-02	3.146785e-01	1.865997e-01	-1.870427e-01	-1.846176e-01	1.100239e-01	1.433789e-01	-2.967587e-02	-2.846975e-02	3.994335e-02	-3.468358e-02	-8.970110e-02	-1.635875e-02	4.751483e-02	4.143343e-02	-7.092066e-03	
1.098149e-01	9.315883e-02	-2.331140e-01	-3.309683e-01	5.607505e-02	3.277128e-01	1.280802e-01	3.476099e-02	1.966953e-01	-7.393371e-02	-5.656943e-01	-2.778092e-01	4.223392e-01	3.401964e-01	-2.169653e-01	-1.958163e-01	1.703731e-01	1.825728e-01	1.802145e-02	-5.004674e-02	-1.410445e-01	-1.364789e-01	4.356071e-02	6.988458e-02	-4.848989e-02	3.012361e-02	1.189838e-01	-4.338371e-02	-9.181379e-02	1.215098e-01	1.300234e-01	-1.099727e-01	-1.508489e-01	-1.198541e-02	1.681737e-02	7.919513e-03	
7.699959e-02	6.532075e-02	-7.072966e-02	-4.852611e-02	-2.785455e-02	-1.750550e-01	-1.157776e-01	2.539603e-01	3.313431e-01	-4.093174e-02	-2.115147e-01	-3.237489e-02	-5.055479e-02	-2.027295e-01	2.740662e-02	3.294996e-01	1.109332e-01	-2.339532e-01	-9.786381e-02	1.770907e-01	9.457221e-02	-1.098910e-01	-1.283086e-01	-5.545289e-02	3.976272e-02	1.293101e-01	5.297480e-02	-1.013438e-01	-4.834316e-02	9.522578e-02	4.401540e-02	-5.276556e-02	2.317281e-03	1.291625e-02	-1.034232e-01	
-5.912718e-02	-5.015912e-02	1.993598e-01	3.243731e-01	-9.671840e-02	-5.393910e-01	-2.442245e-01	2.705790e-01	1.830640e-01	-2.200341e-02	2.049046e-01	2.113105e-01	-2.654748e-01	-3.473206e-01	1.098109e-01	2.167158e-01	-9.410648e-02	-1.311625e-01	6.466398e-02	7.329035e-02	2.030700e-02	4.578344e-02	-1.701859e-02	-8.076603e-02	1.544277e-02	5.949596e-02	-4.605582e-02	-5.833875e-02	2.723552e-02	8.980880e-03	-2.998707e-02	3.227606e-02	5.685573e-02	-4.959903e-03	
-9.891781e-02	-8.391455e-02	2.089578e-01	2.960990e-01	-5.013318e-02	-2.918560e-01	-1.086700e-01	-1.071044e-02	-1.566485e-01	1.797950e-02	3.845628e-01	2.218296e-01	-1.808291e-01	-1.002128e-01	8.875063e-02	-1.153478e-01	-2.109338e-01	4.354553e-02	9.623415e-02	-4.919856e-02	6.073408e-02	1.656921e-01	-3.310900e-02	-1.021479e-01	8.092251e-02	4.836076e-02	-1.361052e-01	-7.538287e-02	4.382362e-02	-8.570512e-03	-6.213226e-03	5.749338e-02	-1.705918e-02	
-4.760560e-02	-4.038507e-02	4.075471e-02	2.411392e-02	2.571588e-02	1.409358e-01	8.790825e-02	-1.986985e-01	-2.588216e-01	2.705617e-02	1.571656e-01	1.396407e-02	2.633710e-02	1.657893e-01	4.667143e-02	-1.500707e-01	-8.953599e-02	-2.667233e-02	-1.200883e-01	-1.726976e-02	2.239220e-01	1.244827e-01	-1.347620e-01	-5.572536e-02	1.155675e-01	-5.903926e-03	-1.108596e-01	2.297397e-02	5.197025e-02	-8.672398e-02	-6.518336e-02	6.405570e-02	
-2.257826e-02	-1.915372e-02	-2.658943e-02	-7.945556e-02	1.937366e-02	1.861781e-01	1.108984e-01	-3.511376e-02	1.647355e-02	-2.643838e-02	-2.576697e-01	-1.815279e-01	1.696717e-01	1.879992e-01	-1.722242e-02	6.031801e-02	1.370690e-01	-1.297837e-01	-2.433509e-01	4.002261e-02	1.514283e-01	-4.071828e-02	-4.233320e-02	9.511752e-02	-1.994449e-02	-1.523035e-01	3.052651e-02	2.052870e-01	5.485724e-02	-1.583636e-01	-1.385758e-01	
9.792976e-03	8.307636e-03	-5.167354e-02	-9.064962e-02	1.175717e-03	8.257705e-02	4.229776e-02	7.957428e-02	1.681265e-01	-5.754960e-03	-2.492895e-01	-1.485878e-01	1.570537e-02	-7.373020e-02	-1.416477e-02	2.793279e-01	2.132666e-01	-1.315758e-01	-1.086852e-01	7.049333e-02	-8.659508e-02	-1.732319e-01	9.818095e-02	1.509490e-01	-1.326832e-01	-1.341298e-01	1.352946e-01	1.520453e-01	-4.767218e-03	-3.015578e-02	
7.065248e-02	5.993633e-02	-1.111146e-01	-1.360058e-01	2.499608e-02	9.426378e-02	7.178150e-03	-3.859589e-02	1.024864e-02	6.881800e-02	1.057631e-01	3.101611e-02	-1.847924e-01	-2.448000e-01	1.048355e-02	1.863618e-01	6.272147e-02	2.093834e-02	1.484139e-01	2.834327e-02	-2.303576e-01	-1.276903e-01	1.181815e-01	3.000072e-02	-1.058534e-01	4.312341e-02	1.110869e-01	-6.050789e-02	-5.648497e-02	
6.785382e-02	5.756216e-02	-7.613829e-02	-7.009759e-02	2.246276e-02	2.113508e-02	-2.739149e-02	-6.499160e-02	-7.954579e-02	2.945425e-02	1.773138e-01	1.151665e-01	-4.099410e-02	-3.260532e-02	-4.846849e-02	-2.155901e-01	-1.337555e-01	2.348404e-01	2.703045e-01	-8.560321e-02	-1.748501e-01	5.257634e-02	5.549634e-02	-1.024623e-01	-1.044207e-02	1.302590e-01	-4.681098e-03	-1.454705e-01	
1.092573e-02	9.268579e-03	1.736109e-02	4.734514e-02	-4.442348e-03	-8.424434e-02	-4.439683e-02	1.204368e-02	-3.400616e-02	-5.022277e-02	1.137139e-02	6.298989e-02	1.567559e-01	2.024758e-01	-5.950348e-02	-3.534781e-01	-1.659997e-01	1.787905e-01	9.171470e-02	-9.655173e-02	6.162864e-02	1.540860e-01	-6.938537e-02	-1.117012e-01	1.106996e-01	9.681416e-02	-1.178454e-01	
-1.213923e-02	-1.029803e-02	2.347317e-02	3.204161e-02	4.239988e-04	-1.077577e-02	3.140434e-03	-1.688716e-02	-4.415825e-02	-2.750821e-02	-1.606137e-02	-6.560179e-03	7.680475e-02	1.313263e-01	2.695212e-02	-7.313124e-02	-4.109267e-02	-6.104224e-02	-1.365664e-01	-1.071539e-02	1.765639e-01	7.666460e-02	-9.692786e-02	5.840586e-03	1.295436e-01	2.672717e-03	
-2.037929e-02	-1.728828e-02	1.133943e-02	-1.765708e-03	1.875093e-03	4.482485e-02	3.312841e-02	-1.503690e-02	-6.152488e-03	2.021187e-03	-4.582850e-02	-4.959228e-02	3.783339e-03	1.067014e-02	1.557367e-02	8.042717e-02	6.907021e-02	-4.999974e-02	-7.876037e-02	-1.024183e-02	-2.472391e-02	-4.900266e-02	5.783944e-02	1.112247e-01	-1.739221e-02	
-4.450896e-02	-3.775810e-02	5.436176e-02	5.472701e-02	-2.506749e-02	-5.533959e-02	-2.919416e-03	9.158278e-02	1.136963e-01	-2.444514e-02	-1.481430e-01	-6.198249e-02	5.330904e-02	-3.865940e-03	-5.458493e-02	3.024605e-02	7.535462e-02	4.325857e-02	4.907846e-02	6.556945e-03	-1.094594e-01	-8.071530e-02	5.408663e-02	2.070555e-02	
-3.858165e-02	-3.272982e-02	5.858186e-02	7.012223e-02	-2.750643e-02	-9.015027e-02	-2.586730e-02	8.643866e-02	9.527760e-02	-6.657737e-03	-5.747672e-02	-2.032850e-02	-4.110627e-02	-8.692051e-02	2.025411e-02	1.490671e-01	3.959387e-02	-1.383455e-01	-6.281130e-02	1.372092e-01	1.431925e-01	-2.680475e-02	-1.519314e-01	
-4.224974e-03	-3.584154e-03	1.189207e-02	1.852007e-02	-2.789136e-03	-2.074933e-02	-1.280858e-02	-1.775661e-02	-2.762327e-02	3.794935e-02	1.219531e-01	3.519240e-02	-1.684493e-01	-1.615772e-01	1.086409e-01	2.448655e-01	2.171480e-02	-2.291144e-01	-1.479254e-01	1.059355e-01	1.637110e-01	2.381692e-02	
1.539087e-02	1.305648e-02	-1.475136e-02	-1.091440e-02	9.055437e-03	1.179176e-02	-4.622136e-03	-4.705936e-02	-6.345325e-02	2.397561e-02	1.146649e-01	4.619216e-02	-7.747092e-02	-5.716047e-02	2.743333e-02	1.830506e-02	3.613251e-04	5.795001e-02	4.042891e-02	-1.243146e-01	-1.992948e-01	
2.811896e-02	2.385404e-02	-3.852799e-02	-4.285708e-02	1.634518e-02	4.538346e-02	8.733316e-03	-4.826481e-02	-5.561055e-02	-1.993278e-04	3.711732e-02	2.836667e-02	5.511450e-02	7.201667e-02	-6.645552e-02	-2.073059e-01	-4.488471e-02	2.465720e-01	1.914814e-01	-1.510143e-01	
3.147187e-02	2.669839e-02	-5.139801e-02	-6.434890e-02	1.971181e-02	7.268867e-02	2.143974e-02	-4.826967e-02	-4.304155e-02	-2.809336e-03	-2.753037e-03	3.767549e-03	7.620756e-02	9.647171e-02	-4.383888e-02	-1.662088e-01	-7.466648e-02	7.053751e-02	7.030775e-02	
4.663815e-03	3.956449e-03	-9.420175e-03	-1.310584e-02	6.444808e-04	7.500774e-03	4.274423e-03	1.880390e-02	2.809856e-02	-2.234992e-02	-7.899563e-02	-2.901125e-02	7.884804e-02	8.452858e-02	4.005828e-04	-3.203986e-02	-4.114468e-02	-1.227570e-01	
-1.207572e-02	-1.024410e-02	1.538854e-02	1.611394e-02	-8.442549e-03	-2.147085e-02	-2.253634e-03	4.029422e-02	4.940595e-02	-1.705127e-02	-7.724987e-02	-3.836266e-02	2.229455e-02	1.557607e-02	2.881643e-02	9.252012e-02	3.967976e-02	
4.325475e-03	3.669340e-03	-1.766256e-02	-2.982261e-02	8.592138e-03	5.067923e-02	2.137550e-02	-3.296817e-02	-2.242167e-02	2.724348e-02	3.697324e-02	-1.260901e-02	-8.395748e-02	-8.623101e-02	3.468700e-02	1.429815e-01	
1.639743e-03	1.390940e-03	-9.217120e-03	-1.629609e-02	4.350531e-03	2.793911e-02	1.140873e-02	-1.968678e-02	-1.321028e-02	1.915421e-02	3.121502e-02	4.890726e-03	-4.002309e-02	-5.808541e-02	-3.672491e-02	
-2.322030e-02	-1.969801e-02	4.463530e-02	6.076427e-02	-2.050534e-02	-8.635189e-02	-2.998340e-02	6.835998e-02	6.224078e-02	-2.813948e-02	-5.976497e-02	8.438152e-03	7.606377e-02	4.158634e-02	
-1.910375e-02	-1.620610e-02	4.353692e-02	6.348208e-02	-1.786050e-02	-8.852578e-02	-3.423919e-02	4.956574e-02	3.257582e-02	-2.176978e-02	-1.284949e-02	2.338710e-02	3.813234e-02	
-1.687723e-03	-1.433745e-03	1.233265e-02	2.241538e-02	-1.751454e-03	-2.631947e-02	-1.345803e-02	-1.016600e-02	-2.860496e-02	2.198363e-03	5.422514e-02	2.435577e-02	
-2.260079e-03	-1.916609e-03	7.323136e-03	1.180719e-02	-1.137030e-04	-8.829456e-03	-2.672184e-03	-5.169495e-03	-1.493939e-02	-3.268813e-03	1.147625e-02	
6.310651e-03	5.363140e-03	-1.888836e-02	-2.993259e-02	9.719007e-03	5.077918e-02	2.193172e-02	-3.207638e-02	-2.472294e-02	1.620318e-02	
2.359521e-02	2.001196e-02	-5.655082e-02	-8.388385e-02	2.360403e-02	1.199332e-01	4.515578e-02	-7.611019e-02	-5.357942e-02	
1.489754e-02	1.259369e-02	-3.495076e-02	-5.128946e-02	1.050665e-02	5.988615e-02	2.139697e-02	-2.090397e-02	
-1.210565e-03	-1.011889e-03	7.067171e-03	1.246745e-02	-8.213009e-03	-3.645078e-02	-1.571109e-02	
-1.154281e-05	1.781499e-04	1.387018e-02	2.660712e-02	-7.407292e-03	-4.943484e-02	
-3.816622e-03	-3.282162e-03	2.013022e-02	3.555430e-02	-6.610795e-03	
-1.405465e-02	-1.270415e-02	2.806582e-02	4.229631e-02	
-1.238163e-02	-1.051722e-02	1.193586e-02	
-1.220056e-02	-7.222617e-03	
-8.057240e-03	
