45
1.250000e-01	2.170042e-01	1.361945e-01	1.816873e-01	5.031084e-01	1.109307e+00	2.214766e+00	4.536593e+00	9.597944e+00	2.046596e+01	4.387187e+01	9.484412e+01	2.064630e+02	4.517540e+02	9.928393e+02	2.190499e+03	4.849065e+03	1.076512e+04	2.395877e+04	5.343961e+04	1.194276e+05	2.673599e+05	5.994610e+05	1.345964e+06	3.025927e+06	6.810665e+06	1.534569e+07	3.461109e+07	7.813505e+07	1.765439e+08	3.992211e+08	9.034581e+08	2.046063e+09	4.636933e+09	1.051549e+10	2.386175e+10	5.417989e+10	1.230910e+11	2.798062e+11	6.363886e+11	1.448149e+12	3.297028e+12	7.510056e+12	1.711466e+13	3.902039e+13	8.900352e+13	
1.581645e-01	2.764515e-01	1.731243e-01	2.301913e-01	6.410846e-01	1.381480e+00	2.690154e+00	5.453926e+00	1.148046e+01	2.433236e+01	5.185776e+01	1.115965e+02	2.420568e+02	5.280593e+02	1.157682e+03	2.549042e+03	5.633399e+03	1.248918e+04	2.776405e+04	6.186823e+04	1.381536e+05	3.090731e+05	6.925919e+05	1.554310e+06	3.492852e+06	7.858739e+06	1.770156e+07	3.991339e+07	9.008269e+07	2.034941e+08	4.600721e+08	1.040979e+09	2.357120e+09	5.341071e+09	1.211064e+10	2.747800e+10	6.238355e+10	1.417135e+11	3.221062e+11	7.325278e+11	1.666779e+12	3.794490e+12	8.642564e+12	1.969423e+13	4.489896e+13	
-1.329620e-01	-2.276724e-01	-1.497714e-01	-2.134709e-01	-5.686318e-01	-1.307035e+00	-2.754659e+00	-5.777427e+00	-1.236492e+01	-2.670220e+01	-5.792207e+01	-1.263705e+02	-2.770536e+02	-6.097477e+02	-1.346487e+03	-2.982320e+03	-6.622953e+03	-1.474194e+04	-3.288119e+04	-7.347447e+04	-1.644529e+05	-3.686335e+05	-8.274432e+05	-1.859611e+06	-4.184118e+06	-9.424250e+06	-2.124803e+07	-4.795035e+07	-1.083033e+08	-2.448197e+08	-5.538434e+08	-1.253852e+09	-2.840595e+09	-6.439642e+09	-1.460801e+10	-3.315783e+10	-7.530713e+10	-1.711321e+11	-3.891016e+11	-8.851619e+11	-2.014664e+12	-4.587705e+12	-1.045188e+13	-2.382282e+13	
-3.519679e-01	-6.140224e-01	-4.025868e-01	-5.704443e-01	-1.539268e+00	-3.345951e+00	-6.667911e+00	-1.368789e+01	-2.899238e+01	-6.184162e+01	-1.325977e+02	-2.867009e+02	-6.241633e+02	-1.365791e+03	-3.001815e+03	-6.623170e+03	-1.466205e+04	-3.255127e+04	-7.244792e+04	-1.615987e+05	-3.611551e+05	-8.085385e+05	-1.812933e+06	-4.070724e+06	-9.151985e+06	-2.059993e+07	-4.641765e+07	-1.046967e+08	-2.363661e+08	-5.340897e+08	-1.207807e+09	-2.733474e+09	-6.190836e+09	-1.403087e+10	-3.182052e+10	-7.221115e+10	-1.639700e+11	-3.725434e+11	-8.469008e+11	-1.926293e+12	-4.383674e+12	-9.980966e+12	-2.273622e+13	
-1.576640e-01	-2.847163e-01	-1.822111e-01	-2.475118e-01	-6.930969e-01	-1.356109e+00	-2.364892e+00	-4.567761e+00	-9.364620e+00	-1.919798e+01	-3.959355e+01	-8.295008e+01	-1.760176e+02	-3.768818e+02	-8.132842e+02	-1.767229e+03	-3.862597e+03	-8.483981e+03	-1.871319e+04	-4.142538e+04	-9.198887e+04	-2.048195e+05	-4.571132e+05	-1.022274e+06	-2.290326e+06	-5.139566e+06	-1.155000e+07	-2.598975e+07	-5.855124e+07	-1.320505e+08	-2.981105e+08	-6.736218e+08	-1.523456e+09	-3.448222e+09	-7.810737e+09	-1.770528e+10	-4.016171e+10	-9.116046e+10	-2.070492e+11	-4.705466e+11	-1.070000e+12	-2.434491e+12	
2.404672e-01	4.129576e-01	3.041988e-01	4.958401e-01	1.248839e+00	2.821404e+00	6.004923e+00	1.271531e+01	2.736071e+01	5.933439e+01	1.291658e+02	2.825651e+02	6.207822e+02	1.368577e+03	3.026479e+03	6.711121e+03	1.491796e+04	3.323246e+04	7.417429e+04	1.658436e+05	3.713874e+05	8.328700e+05	1.870235e+06	4.204735e+06	9.463788e+06	2.132265e+07	4.808805e+07	1.085492e+08	2.452372e+08	5.544928e+08	1.254691e+09	2.841138e+09	6.437956e+09	1.459790e+10	3.312126e+10	7.519458e+10	1.708123e+11	3.882352e+11	8.828872e+11	2.008824e+12	4.572955e+12	
3.539063e-01	6.303024e-01	4.629906e-01	7.429722e-01	1.908417e+00	3.984694e+00	7.820325e+00	1.605789e+01	3.400678e+01	7.235780e+01	1.547758e+02	3.340114e+02	7.259663e+02	1.586319e+03	3.482416e+03	7.676116e+03	1.697925e+04	3.767037e+04	8.379520e+04	1.868260e+05	4.173847e+05	9.341535e+05	2.094113e+06	4.701245e+06	1.056812e+07	2.378508e+07	5.359093e+07	1.208707e+08	2.728743e+08	6.165789e+08	1.394361e+09	3.155746e+09	7.147438e+09	1.619959e+10	3.674079e+10	8.338171e+10	1.893473e+11	4.302320e+11	9.781194e+11	2.224936e+12	
6.405210e-02	1.331823e-01	7.519260e-02	7.052889e-02	2.547349e-01	2.735662e-01	-1.211381e-01	-8.407249e-01	-2.481438e+00	-7.005159e+00	-1.840350e+01	-4.553088e+01	-1.091070e+02	-2.569983e+02	-5.982027e+02	-1.380470e+03	-3.167226e+03	-7.237689e+03	-1.649282e+04	-3.750904e+04	-8.519259e+04	-1.933286e+05	-4.384982e+05	-9.943243e+05	-2.254549e+06	-5.112402e+06	-1.159498e+07	-2.630439e+07	-5.969319e+07	-1.355118e+08	-3.077497e+08	-6.991881e+08	-1.589173e+09	-3.613526e+09	-8.220053e+09	-1.870684e+10	-4.258987e+10	-9.700399e+10	-2.210277e+11	
-2.488452e-01	-4.374774e-01	-4.023636e-01	-7.849005e-01	-1.851808e+00	-4.013739e+00	-8.508193e+00	-1.814605e+01	-3.922271e+01	-8.524807e+01	-1.858895e+02	-4.071743e+02	-8.954245e+02	-1.975689e+03	-4.372151e+03	-9.700949e+03	-2.157505e+04	-4.808400e+04	-1.073664e+05	-2.401466e+05	-5.379675e+05	-1.206837e+06	-2.710840e+06	-6.096453e+06	-1.372558e+07	-3.093361e+07	-6.978269e+07	-1.575637e+08	-3.560682e+08	-8.053011e+08	-1.822692e+09	-4.128403e+09	-9.357280e+09	-2.122280e+10	-4.816474e+10	-1.093749e+11	-2.485183e+11	-5.649907e+11	
-2.317735e-01	-4.401057e-01	-3.983392e-01	-7.386302e-01	-1.799037e+00	-3.544222e+00	-6.743181e+00	-1.378646e+01	-2.905692e+01	-6.128376e+01	-1.300675e+02	-2.789365e+02	-6.029966e+02	-1.311415e+03	-2.867429e+03	-6.299343e+03	-1.389437e+04	-3.075229e+04	-6.826837e+04	-1.519501e+05	-3.389850e+05	-7.577760e+05	-1.697007e+06	-3.806504e+06	-8.550643e+06	-1.923277e+07	-4.331173e+07	-9.764427e+07	-2.203580e+08	-4.977605e+08	-1.125367e+09	-2.546397e+09	-5.766284e+09	-1.306729e+10	-2.963320e+10	-6.724511e+10	-1.526931e+11	
1.587136e-02	2.623408e-03	6.646585e-02	2.432698e-01	4.580603e-01	1.257593e+00	3.409387e+00	7.940981e+00	1.804476e+01	4.128173e+01	9.389726e+01	2.121853e+02	4.780663e+02	1.075867e+03	2.419418e+03	5.438538e+03	1.222522e+04	2.748845e+04	6.183388e+04	1.391654e+05	3.133986e+05	7.062275e+05	1.592522e+06	3.593566e+06	8.114584e+06	1.833605e+07	4.146108e+07	9.381346e+07	2.124091e+08	4.812351e+08	1.090964e+09	2.474710e+09	5.616834e+09	1.275570e+10	2.898377e+10	6.589244e+10	
1.548296e-01	2.996257e-01	4.200890e-01	9.821037e-01	2.182697e+00	4.525734e+00	9.523507e+00	2.045766e+01	4.438943e+01	9.658549e+01	2.108133e+02	4.621346e+02	1.016864e+03	2.244651e+03	4.969347e+03	1.102996e+04	2.453863e+04	5.470521e+04	1.221862e+05	2.733723e+05	6.125738e+05	1.374599e+06	3.088568e+06	6.947973e+06	1.564735e+07	3.527535e+07	7.960137e+07	1.797887e+08	4.064187e+08	9.194628e+08	2.081734e+09	4.716617e+09	1.069388e+10	2.426196e+10	5.507951e+10	
7.611716e-02	1.918272e-01	2.549883e-01	5.247387e-01	1.230480e+00	2.233765e+00	3.956064e+00	7.904466e+00	1.624664e+01	3.309385e+01	6.809652e+01	1.423170e+02	3.006329e+02	6.402785e+02	1.374435e+03	2.971652e+03	6.464157e+03	1.413517e+04	3.105182e+04	6.848792e+04	1.515842e+05	3.365219e+05	7.490821e+05	1.671334e+06	3.736772e+06	8.370087e+06	1.877928e+07	4.219608e+07	9.494002e+07	2.138747e+08	4.823464e+08	1.088958e+09	2.460847e+09	5.566113e+09	
-3.061442e-02	-4.309077e-02	-1.912562e-01	-5.954836e-01	-1.206251e+00	-2.723870e+00	-6.423519e+00	-1.446043e+01	-3.239554e+01	-7.285849e+01	-1.633712e+02	-3.655139e+02	-8.175859e+02	-1.829686e+03	-4.096885e+03	-9.178886e+03	-2.058046e+04	-4.618360e+04	-1.037288e+05	-2.331816e+05	-5.246537e+05	-1.181489e+06	-2.662917e+06	-6.006851e+06	-1.356084e+07	-3.063840e+07	-6.927453e+07	-1.567464e+08	-3.549170e+08	-8.041746e+08	-1.823297e+09	-4.136546e+09	-9.390348e+09	
-1.522794e-02	-9.387970e-02	-3.642417e-01	-9.772513e-01	-2.075266e+00	-4.170401e+00	-8.742054e+00	-1.893083e+01	-4.117972e+01	-8.957738e+01	-1.955898e+02	-4.289494e+02	-9.439908e+02	-2.083826e+03	-4.613314e+03	-1.023988e+04	-2.278149e+04	-5.079004e+04	-1.134494e+05	-2.538499e+05	-5.689001e+05	-1.276793e+06	-2.869327e+06	-6.456087e+06	-1.454285e+07	-3.279337e+07	-7.401990e+07	-1.672284e+08	-3.781348e+08	-8.557315e+08	-1.938043e+09	-4.392458e+09	
3.582047e-02	-5.846704e-03	-8.172074e-02	-1.400140e-01	-3.446554e-01	-4.227454e-01	-2.488214e-01	-3.213514e-02	9.582466e-01	4.672211e+00	1.476380e+01	4.016815e+01	1.029576e+02	2.551447e+02	6.171933e+02	1.467808e+03	3.450889e+03	8.047420e+03	1.865383e+04	4.304767e+04	9.901665e+04	2.272038e+05	5.204145e+05	1.190475e+06	2.720751e+06	6.214108e+06	1.418681e+07	3.238017e+07	7.389550e+07	1.686335e+08	3.848481e+08	
-8.877487e-03	1.103711e-02	2.740633e-01	8.413376e-01	1.714937e+00	3.679413e+00	8.319005e+00	1.858359e+01	4.150465e+01	9.286325e+01	2.074055e+02	4.628957e+02	1.033693e+03	2.310491e+03	5.169067e+03	1.157488e+04	2.594469e+04	5.821321e+04	1.307471e+05	2.939496e+05	6.615060e+05	1.490055e+06	3.359424e+06	7.580664e+06	1.712045e+07	3.869672e+07	8.753275e+07	1.981485e+08	4.488717e+08	1.017542e+09	
-9.660638e-02	-6.555888e-02	2.595677e-01	7.267089e-01	1.502098e+00	3.005440e+00	6.331287e+00	1.385424e+01	3.014139e+01	6.537170e+01	1.426049e+02	3.125738e+02	6.871987e+02	1.515147e+03	3.350448e+03	7.429002e+03	1.651221e+04	3.678177e+04	8.209823e+04	1.835826e+05	4.112030e+05	9.224570e+05	2.072273e+06	4.661337e+06	1.049770e+07	2.366796e+07	5.341667e+07	1.206739e+08	2.728625e+08	
-7.706891e-02	-8.353924e-02	-8.475003e-02	-2.870988e-01	-5.869193e-01	-1.406816e+00	-3.451913e+00	-7.884808e+00	-1.828475e+01	-4.263528e+01	-9.807186e+01	-2.238486e+02	-5.096349e+02	-1.158339e+03	-2.628356e+03	-5.956355e+03	-1.348855e+04	-3.053418e+04	-6.910956e+04	-1.564229e+05	-3.541069e+05	-8.018368e+05	-1.816304e+06	-4.115919e+06	-9.331207e+06	-2.116477e+07	-4.802874e+07	-1.090447e+08	
5.506453e-02	1.787722e-02	-3.097700e-01	-8.634290e-01	-1.788040e+00	-3.854248e+00	-8.615062e+00	-1.924555e+01	-4.297641e+01	-9.601225e+01	-2.143725e+02	-4.786335e+02	-1.069383e+03	-2.391430e+03	-5.352914e+03	-1.199351e+04	-2.689952e+04	-6.039364e+04	-1.357317e+05	-3.053559e+05	-6.876307e+05	-1.549941e+06	-3.496804e+06	-7.896039e+06	-1.784490e+07	-4.036185e+07	-9.136208e+07	
1.388700e-01	1.243362e-01	-1.303486e-01	-2.990883e-01	-6.222045e-01	-1.323471e+00	-2.853527e+00	-6.381498e+00	-1.379672e+01	-2.950788e+01	-6.386164e+01	-1.390345e+02	-3.032755e+02	-6.631336e+02	-1.454637e+03	-3.201161e+03	-7.065016e+03	-1.563438e+04	-3.468475e+04	-7.712621e+04	-1.718658e+05	-3.837307e+05	-8.583096e+05	-1.922999e+06	-4.314947e+06	-9.695784e+06	
6.885383e-02	1.169044e-01	2.232331e-01	5.981068e-01	1.270832e+00	2.796157e+00	6.290536e+00	1.401111e+01	3.167108e+01	7.187419e+01	1.623162e+02	3.658987e+02	8.249672e+02	1.860312e+03	4.195147e+03	9.461778e+03	2.134730e+04	4.818372e+04	1.088104e+05	2.458533e+05	5.558195e+05	1.257343e+06	2.846044e+06	6.446142e+06	1.460925e+07	
-6.806816e-02	7.837464e-03	2.993153e-01	6.448580e-01	1.410436e+00	3.229187e+00	7.264525e+00	1.630459e+01	3.650052e+01	8.165269e+01	1.827400e+02	4.090256e+02	9.158419e+02	2.051747e+03	4.599658e+03	1.032020e+04	2.317611e+04	5.209495e+04	1.172083e+05	2.639539e+05	5.949774e+05	1.342355e+06	3.031222e+06	6.850783e+06	
-1.173652e-01	-1.075521e-01	-7.699660e-03	-1.547817e-01	-2.847829e-01	-4.468467e-01	-8.927358e-01	-1.787764e+00	-4.094224e+00	-9.745551e+00	-2.260972e+01	-5.227614e+01	-1.213055e+02	-2.816232e+02	-6.527752e+02	-1.509981e+03	-3.486870e+03	-8.039631e+03	-1.851139e+04	-4.257367e+04	-9.782071e+04	-2.245877e+05	-5.153198e+05	
-4.752660e-02	-1.472544e-01	-3.196334e-01	-6.927707e-01	-1.530509e+00	-3.449685e+00	-7.671136e+00	-1.703457e+01	-3.824901e+01	-8.614155e+01	-1.937559e+02	-4.358851e+02	-9.813630e+02	-2.210601e+03	-4.981732e+03	-1.123263e+04	-2.534235e+04	-5.721209e+04	-1.292444e+05	-2.921644e+05	-6.609051e+05	-1.496057e+06	
4.226438e-02	-7.542248e-02	-2.411914e-01	-2.785473e-01	-7.484360e-01	-2.021359e+00	-4.636262e+00	-1.052740e+01	-2.380204e+01	-5.361949e+01	-1.208002e+02	-2.719218e+02	-6.117070e+02	-1.375523e+03	-3.092839e+03	-6.956349e+03	-1.565389e+04	-3.524737e+04	-7.942021e+04	-1.790852e+05	-4.041371e+05	
6.553092e-02	7.613978e-02	1.420374e-01	4.859261e-01	9.577313e-01	1.888987e+00	4.074670e+00	8.835853e+00	1.955162e+01	4.369560e+01	9.776101e+01	2.194349e+02	4.939982e+02	1.114257e+03	2.517013e+03	5.692463e+03	1.288705e+04	2.919996e+04	6.621274e+04	1.502466e+05	
3.318689e-02	1.869790e-01	3.586140e-01	5.767162e-01	1.374036e+00	3.308992e+00	7.388968e+00	1.646682e+01	3.700413e+01	8.329268e+01	1.875678e+02	4.227532e+02	9.535648e+02	2.151664e+03	4.856897e+03	1.096914e+04	2.478796e+04	5.604930e+04	1.268148e+05	
2.147147e-04	1.295606e-01	1.355101e-01	-9.273555e-02	4.715163e-02	5.845414e-01	1.407329e+00	3.373161e+00	8.087066e+00	1.893497e+01	4.386737e+01	1.007802e+02	2.303076e+02	5.239982e+02	1.188042e+03	2.687942e+03	6.073653e+03	1.371349e+04	
-1.342511e-02	-6.860433e-02	-2.538213e-01	-6.203967e-01	-1.267729e+00	-2.726791e+00	-6.036832e+00	-1.329133e+01	-2.941508e+01	-6.550720e+01	-1.465152e+02	-3.289144e+02	-7.401673e+02	-1.668432e+03	-3.766524e+03	-8.514394e+03	-1.926938e+04	
-2.342024e-02	-2.055038e-01	-3.257761e-01	-3.383387e-01	-9.508830e-01	-2.532340e+00	-5.671297e+00	-1.275429e+01	-2.893987e+01	-6.555111e+01	-1.484646e+02	-3.363838e+02	-7.623812e+02	-1.727560e+03	-3.914187e+03	-8.870032e+03	
-3.449629e-02	-1.252978e-01	4.862887e-03	3.548187e-01	4.953929e-01	7.221539e-01	1.625458e+00	3.406073e+00	6.877685e+00	1.424558e+01	3.018919e+01	6.501155e+01	1.413865e+02	3.104361e+02	6.880439e+02	
-2.752576e-02	7.809601e-02	3.167027e-01	5.735868e-01	1.236421e+00	2.879910e+00	6.473560e+00	1.442229e+01	3.213439e+01	7.184402e+01	1.613714e+02	3.636318e+02	8.209779e+02	1.856013e+03	
8.557586e-03	1.676940e-01	2.195575e-01	8.480020e-02	4.465748e-01	1.405909e+00	3.101230e+00	7.136601e+00	1.669859e+01	3.860288e+01	8.875022e+01	2.035242e+02	4.660962e+02	
5.096778e-02	6.238102e-02	-1.486402e-01	-4.628835e-01	-7.919684e-01	-1.634994e+00	-3.773814e+00	-8.266471e+00	-1.780803e+01	-3.884564e+01	-8.576857e+01	-1.907471e+02	
5.824089e-02	-7.384134e-02	-3.079022e-01	-4.123496e-01	-9.721905e-01	-2.442106e+00	-5.502553e+00	-1.242621e+01	-2.809405e+01	-6.346761e+01	-1.437397e+02	
1.225151e-02	-7.090326e-02	-6.200306e-02	1.088366e-01	-2.433039e-05	-2.422477e-01	-4.330510e-01	-1.259059e+00	-3.740618e+00	-9.835498e+00	
-5.425173e-02	2.201946e-02	2.540400e-01	4.310143e-01	8.481091e-01	2.026520e+00	4.652796e+00	1.031923e+01	2.277271e+01	
-7.849724e-02	3.694460e-02	2.239503e-01	2.088765e-01	5.947036e-01	1.618911e+00	3.604195e+00	8.325826e+00	
-2.920606e-02	-5.029598e-02	-1.026515e-01	-2.099609e-01	-3.131405e-01	-6.923552e-01	-1.641725e+00	
5.120491e-02	-8.563018e-02	-2.870798e-01	-3.002505e-01	-7.106318e-01	-1.900079e+00	
8.200327e-02	2.293425e-02	-8.870858e-02	-2.021923e-02	-2.031879e-01	
3.180015e-02	1.480370e-01	2.234492e-01	2.133599e-01	
-4.278721e-02	1.070016e-01	2.385857e-01	
-6.237398e-02	-7.758902e-02	
-1.805893e-02	
