45
1.250000e-01	1.139014e-01	-1.146238e-01	-9.190458e-02	5.058433e-02	-1.952378e-02	-8.895144e-02	1.810961e-02	4.595820e-02	-5.019019e-02	-3.563282e-02	4.441547e-02	2.490540e-02	-1.055419e-02	9.985036e-03	4.511425e-03	-2.281282e-02	-1.612953e-02	-1.672674e-03	1.379608e-02	3.032877e-02	8.351158e-04	-2.771258e-02	1.629003e-02	3.053369e-02	-4.514449e-02	-5.836499e-02	2.786240e-02	5.117808e-02	-3.202502e-04	-1.135757e-02	-2.440736e-03	-1.308565e-02	8.255616e-04	8.301318e-03	-2.560644e-02	-1.606053e-02	3.357869e-02	8.303404e-03	-4.471684e-02	-1.014614e-02	3.699207e-02	1.207161e-02	-8.838654e-03	-4.840088e-02	-2.116547e-01	
1.230677e-01	1.185408e-01	-9.022072e-02	-6.667301e-02	3.756981e-02	-6.355600e-02	-1.088233e-01	3.819463e-02	6.619512e-02	-4.559995e-02	-2.967383e-02	4.324882e-02	3.275087e-03	-2.636486e-02	1.851511e-02	1.277763e-02	-2.720164e-02	-1.670721e-02	-3.676277e-03	-9.444817e-04	3.256646e-02	3.783399e-02	-5.189397e-03	-1.209764e-02	-7.745655e-04	-3.338258e-02	-4.193495e-02	8.043091e-03	3.403314e-02	2.408982e-02	1.384850e-02	-1.727175e-02	-3.373744e-02	7.634155e-03	1.418401e-02	-3.735167e-02	-1.537615e-02	4.716825e-02	-1.027346e-03	-6.499290e-02	1.637459e-03	6.178474e-02	-1.954269e-02	-9.328842e-02	4.179382e-02	
-1.895824e-01	-1.642508e-01	2.036534e-01	1.719936e-01	-9.065574e-02	-3.330314e-02	9.559765e-02	-1.504007e-04	-2.395162e-02	9.310943e-02	5.717659e-02	-6.851763e-02	-6.301836e-02	-1.904659e-02	-2.161703e-02	9.489804e-03	4.312207e-02	2.134966e-02	-9.117400e-03	-3.913268e-02	-3.768172e-02	5.119969e-02	7.691880e-02	-6.013224e-02	-9.303455e-02	7.747589e-02	1.054645e-01	-7.176265e-02	-9.554793e-02	4.368910e-02	5.243130e-02	-2.382852e-02	-9.837944e-03	1.126268e-02	-6.947204e-03	1.919895e-02	2.823967e-02	-3.051150e-02	-2.853870e-02	4.456854e-02	3.301907e-02	-5.985641e-02	-5.530167e-02	1.592255e-01	
-3.056491e-01	-2.910719e-01	2.355134e-01	1.799788e-01	-9.737779e-02	1.205183e-01	2.327660e-01	-7.810011e-02	-1.074283e-01	1.408005e-01	6.386202e-02	-1.074705e-01	-1.003350e-02	2.429455e-02	-8.302803e-02	-1.235565e-02	9.902859e-02	3.253260e-02	-1.124917e-02	3.871914e-03	-6.898983e-02	-7.643283e-02	3.259330e-02	2.538748e-02	-2.296315e-02	7.352402e-02	1.032369e-01	-3.514563e-02	-8.431544e-02	-2.656571e-02	-1.739288e-02	2.088882e-02	6.919209e-02	-9.551764e-03	-3.751130e-02	7.928348e-02	4.515588e-02	-1.034313e-01	-8.677959e-03	1.451111e-01	-1.936913e-03	-1.534576e-01	7.182693e-02	
-5.602564e-04	-2.774125e-02	-9.490634e-02	-1.021273e-01	4.175461e-02	1.767646e-01	9.450389e-02	-7.200419e-02	-8.720285e-02	-2.761859e-02	-2.828965e-02	5.749395e-03	9.328816e-02	7.285564e-02	-2.578635e-02	-2.957953e-02	1.223611e-02	-4.519301e-03	1.755364e-02	7.794201e-02	-1.642279e-02	-1.856638e-01	-1.105288e-01	1.332379e-01	1.472650e-01	-4.810875e-02	-6.370973e-02	9.524714e-02	6.580662e-02	-1.241557e-01	-1.089495e-01	7.975467e-02	9.246672e-02	-3.792338e-02	-2.390628e-02	5.761680e-02	-6.176949e-03	-5.740809e-02	4.755378e-02	5.944824e-02	-6.149960e-02	7.528496e-02	
2.982938e-01	2.739453e-01	-2.639614e-01	-2.175268e-01	1.006073e-01	-3.487145e-02	-1.450978e-01	4.530807e-02	-7.911439e-03	-1.967513e-01	-5.027913e-02	1.082645e-01	2.585196e-02	6.127520e-02	1.513220e-01	-1.970558e-02	-1.517929e-01	-1.863982e-02	5.597664e-02	1.428431e-02	3.804301e-02	-7.331880e-03	-9.790769e-02	1.357312e-02	1.025914e-01	-6.140022e-02	-1.045419e-01	8.729867e-02	8.654321e-02	-7.207933e-02	-3.134639e-02	4.739699e-02	-2.425676e-02	-2.247131e-02	3.902817e-02	-3.667444e-02	-6.104988e-02	6.264532e-02	4.251480e-02	-9.336996e-02	-1.076221e-02	
1.948426e-01	2.163055e-01	-4.222800e-02	-1.939186e-03	2.029224e-02	-2.286186e-01	-1.951828e-01	9.682165e-02	4.952243e-02	-1.052977e-01	3.297934e-02	5.604217e-02	-1.305909e-01	-2.647551e-02	1.710471e-01	5.783650e-04	-1.439901e-01	2.162925e-02	2.484348e-02	-1.361516e-01	3.845699e-02	2.921968e-01	1.002067e-01	-2.066223e-01	-1.455195e-01	4.907027e-02	2.935641e-02	-8.490719e-02	-4.211322e-02	1.223235e-01	1.273839e-01	-8.064893e-02	-1.425838e-01	4.042623e-02	6.321050e-02	-9.923056e-02	-3.428268e-02	1.059161e-01	-4.144311e-02	-9.288692e-02	
-1.139645e-01	-8.430249e-02	1.683808e-01	1.634923e-01	-3.507766e-02	-8.422994e-02	-3.681780e-02	-2.251930e-03	8.897006e-02	1.398195e-01	4.010398e-02	-5.618087e-02	-7.224858e-02	-1.070661e-01	-1.021752e-01	1.344519e-02	8.458363e-02	2.154750e-02	-7.113167e-02	-9.712457e-02	2.315814e-02	2.246273e-01	1.781206e-01	-1.343017e-01	-2.033657e-01	4.718637e-02	6.617013e-02	-1.503218e-01	-5.804670e-02	2.042867e-01	1.005773e-01	-1.453927e-01	-7.311005e-02	7.273963e-02	-8.409411e-03	-5.931285e-02	4.688954e-02	3.910875e-02	-8.293700e-02	
-2.184345e-01	-2.300048e-01	8.774252e-02	5.342090e-02	-2.433927e-02	1.525441e-01	1.053921e-01	-6.034750e-02	1.197929e-01	1.996609e-01	-7.723821e-02	-6.464475e-02	1.537619e-01	-8.557638e-02	-3.113338e-01	3.630900e-02	2.304675e-01	-6.903966e-02	-9.712697e-02	1.542699e-01	1.317821e-02	-2.196634e-01	-1.482940e-02	1.936722e-01	4.924202e-02	-8.980357e-02	-4.903538e-02	1.638457e-02	6.349277e-02	2.485917e-02	-8.260275e-02	-2.679854e-02	1.014026e-01	1.277196e-02	-8.194482e-02	3.836855e-02	6.603646e-02	-4.318225e-02	
-6.747714e-02	-9.522575e-02	-5.036022e-02	-7.800343e-02	-4.392512e-02	8.062032e-02	8.762044e-02	3.227545e-02	5.798105e-02	8.530649e-03	-9.699934e-02	1.197938e-02	1.553552e-01	1.758723e-02	-9.501409e-02	6.072049e-02	8.153390e-02	-9.808393e-02	8.777095e-03	2.324286e-01	-2.629311e-02	-4.167807e-01	-2.013291e-01	2.712969e-01	2.304583e-01	-9.408194e-02	-5.551004e-02	1.710765e-01	5.824324e-02	-2.099425e-01	-1.249585e-01	1.551065e-01	1.286480e-01	-8.113542e-02	-3.872637e-02	9.664816e-02	-8.757710e-03	
9.797186e-02	1.005307e-01	-3.931074e-02	-3.645559e-02	-4.657022e-02	-1.123020e-01	-2.867239e-03	5.951443e-02	-1.340518e-01	-1.528959e-01	7.937202e-02	4.054076e-02	-1.206919e-01	9.171340e-02	2.755878e-01	1.823558e-02	-1.399452e-01	6.327239e-02	1.097667e-01	-6.237799e-02	-7.555231e-02	-3.854675e-02	-1.069772e-01	-5.615416e-02	8.224413e-02	9.145317e-02	8.759283e-02	8.616435e-02	-9.569497e-02	-2.028375e-01	2.255105e-02	1.679590e-01	-1.321021e-02	-8.933086e-02	6.467971e-02	6.931582e-02	
1.213241e-01	1.402536e-01	-8.754807e-03	2.062167e-02	6.356045e-02	-7.799518e-03	-1.607667e-02	-9.630202e-02	-2.704497e-01	-1.095686e-01	1.851782e-01	-2.266140e-03	-2.343558e-01	8.302134e-02	2.654917e-01	-9.763324e-02	-1.499016e-01	2.146524e-01	7.474320e-02	-3.200187e-01	-4.755040e-02	3.854225e-01	1.160865e-01	-2.950436e-01	-1.328864e-01	1.643237e-01	9.299533e-02	-1.028855e-01	-1.048076e-01	3.364622e-02	9.143726e-02	-2.019070e-02	-9.657221e-02	9.145901e-03	6.916127e-02	
2.800835e-02	2.827563e-02	-3.318222e-02	-1.188116e-02	1.382490e-01	2.062666e-01	4.093372e-02	-1.484382e-01	-1.208627e-01	1.437454e-03	7.828781e-03	-2.737154e-02	1.970274e-02	3.537960e-02	-7.511792e-02	-1.444546e-01	-3.883594e-02	6.108037e-02	-2.699265e-02	-1.100887e-01	5.937737e-02	2.669533e-01	1.574491e-01	-1.005304e-01	-1.180870e-01	-1.510703e-02	-9.022322e-02	-1.371718e-01	8.164801e-02	2.144976e-01	-9.891637e-03	-1.884244e-01	-3.014188e-02	1.019688e-01	
-7.722273e-02	-8.484968e-02	1.014853e-02	-4.813484e-03	-2.314587e-03	5.245702e-02	2.476508e-02	8.123057e-02	2.169772e-01	4.752953e-02	-2.061421e-01	-5.059848e-04	2.438914e-01	-1.850785e-02	-2.241193e-01	-7.825600e-03	-4.396260e-03	-2.525238e-01	-7.085145e-02	2.756698e-01	1.147269e-01	-1.458980e-01	1.873765e-02	1.759459e-01	-2.497014e-04	-1.641411e-01	-1.349833e-01	-1.535350e-02	1.469986e-01	1.622621e-01	-5.785419e-02	-1.486809e-01	3.064480e-02	
-8.298880e-02	-7.764282e-02	8.374292e-02	5.644826e-02	-1.744065e-01	-2.917208e-01	-1.048040e-01	2.413459e-01	3.523338e-01	8.595976e-02	-1.164933e-01	2.617775e-02	9.406996e-02	-9.285088e-02	-5.742486e-02	1.797398e-01	4.415640e-02	-2.474101e-01	-6.222342e-02	2.363399e-01	3.309712e-02	-2.412266e-01	-7.380077e-02	1.211066e-01	6.876961e-03	-6.218513e-02	5.805999e-02	7.656804e-02	-2.209787e-02	-2.253265e-02	3.999977e-02	3.578868e-02	
2.268970e-02	2.315094e-02	9.713574e-03	1.508452e-02	-8.724722e-02	-2.309207e-01	-1.666461e-01	2.711031e-02	1.030602e-01	1.160497e-01	1.371615e-01	1.997027e-02	-1.643533e-01	-1.419308e-01	4.656251e-02	1.726915e-01	2.015387e-01	1.367425e-01	-3.625045e-02	-1.494926e-01	-9.131856e-02	-3.058633e-02	-6.250311e-02	-6.307894e-02	6.547734e-03	8.824707e-02	1.453785e-01	6.860036e-02	-1.325422e-01	-1.547650e-01	7.562481e-02	
9.127787e-02	7.502238e-02	-1.139562e-01	-8.608789e-02	1.295583e-01	1.874248e-01	6.905634e-04	-2.296537e-01	-2.420231e-01	1.949448e-03	1.517194e-01	-4.647685e-03	-1.370824e-01	-5.624263e-02	-3.497268e-02	-3.833386e-02	2.031801e-01	3.521971e-01	4.369234e-02	-2.410641e-01	-1.057731e-01	2.724338e-02	-5.624891e-02	-1.100733e-02	1.229582e-01	5.123109e-02	-3.345498e-02	3.280684e-02	-2.124188e-02	-1.611953e-01	
1.053668e-02	8.872313e-03	-3.637012e-02	-3.790100e-02	1.279996e-01	3.273450e-01	2.382446e-01	-1.116571e-01	-3.049487e-01	-1.948017e-01	-6.542382e-02	-3.363414e-02	6.026675e-02	1.437840e-01	2.097309e-03	-1.968104e-01	-1.409470e-01	6.347628e-02	1.340432e-01	7.541929e-02	-1.687589e-04	-7.106110e-02	-4.407208e-02	1.117276e-01	1.495583e-01	-4.097594e-02	-1.441235e-01	7.625419e-04	7.891095e-02	
-8.986964e-02	-6.420451e-02	1.303140e-01	9.872969e-02	-5.362545e-02	3.588619e-02	2.171723e-01	1.425196e-01	-8.473055e-02	-1.751395e-01	-1.232892e-01	-4.279406e-02	8.509509e-02	2.385415e-01	2.005359e-01	-1.332851e-01	-4.288659e-01	-2.962323e-01	7.504304e-02	2.014393e-01	8.892697e-02	5.698311e-02	6.748136e-02	-3.814352e-02	-8.664750e-02	1.330596e-02	2.784297e-02	-5.428409e-02	
-3.618812e-02	-2.652943e-02	6.950307e-02	6.402171e-02	-9.312800e-02	-1.915573e-01	-8.273959e-02	8.920599e-02	1.379726e-01	9.900189e-02	6.239460e-02	6.168198e-03	-2.546995e-02	7.510882e-02	1.715758e-01	3.604916e-02	-1.816357e-01	-1.972645e-01	-1.170334e-01	-9.544030e-02	6.116458e-02	3.096226e-01	1.779592e-01	-2.586169e-01	-2.948516e-01	8.857605e-02	1.647560e-01	
7.835083e-02	5.003124e-02	-1.256160e-01	-9.314048e-02	2.134489e-02	-1.201448e-01	-2.906820e-01	-1.076215e-01	2.042449e-01	2.465092e-01	1.263754e-01	7.729254e-02	-1.001386e-02	-1.862669e-01	-1.709542e-01	1.257904e-01	3.295415e-01	1.533791e-01	-1.713716e-01	-2.435818e-01	-2.509323e-02	1.590052e-01	7.916656e-02	-1.039550e-01	-1.196352e-01	-1.392764e-02	
5.090038e-02	3.241706e-02	-9.416691e-02	-8.024060e-02	3.005223e-02	-2.998845e-02	-1.525974e-01	-2.960792e-02	1.557828e-01	5.594766e-02	-8.052161e-02	5.618933e-02	8.226608e-02	-2.518459e-01	-3.439989e-01	1.116670e-01	4.168955e-01	1.938985e-01	1.577620e-02	9.893981e-02	-4.609901e-02	-3.388195e-01	-1.631380e-01	2.782895e-01	2.371615e-01	
-5.923014e-02	-3.480792e-02	1.058633e-01	7.893633e-02	-5.792066e-02	-3.277449e-02	1.220069e-01	1.666741e-01	2.644989e-02	-1.605571e-01	-1.971226e-01	-6.379709e-02	9.116059e-03	-6.762096e-02	-6.455758e-02	4.912633e-02	1.127818e-02	-6.413663e-02	1.617817e-01	3.626757e-01	6.111626e-03	-4.509299e-01	-2.253977e-01	3.072652e-01	
-4.150838e-02	-1.856191e-02	9.553780e-02	7.998350e-02	-9.172660e-03	7.458988e-02	1.987303e-01	5.153873e-02	-1.690360e-01	-9.980389e-02	2.375287e-02	-1.096033e-01	-1.508924e-01	1.472338e-01	2.726143e-01	-5.700744e-02	-2.986540e-01	-1.311421e-01	5.139221e-02	2.666601e-02	1.827739e-02	5.929450e-02	-4.979048e-03	
6.225569e-02	4.371958e-02	-9.789192e-02	-7.436260e-02	1.177288e-01	2.225228e-01	7.626162e-02	-2.174130e-01	-2.767880e-01	4.967546e-02	2.522696e-01	1.320669e-02	-9.696420e-02	2.033749e-01	2.324056e-01	-1.636239e-01	-2.076638e-01	7.565807e-02	-9.727039e-02	-4.161777e-01	-4.556251e-02	4.744757e-01	
3.292839e-02	1.047517e-02	-9.032851e-02	-7.698299e-02	5.260229e-02	9.155048e-02	-3.014973e-02	-1.490460e-01	-1.169258e-01	1.744736e-02	1.090646e-01	1.249374e-01	1.349716e-01	1.087292e-01	-2.970748e-02	-1.307945e-01	-6.211496e-03	1.287661e-01	-3.256139e-02	-2.342819e-01	-5.710831e-02	
-9.404190e-02	-7.904937e-02	1.109206e-01	8.276407e-02	-1.351513e-01	-2.158578e-01	-6.570219e-02	1.646691e-01	2.020373e-01	-5.302092e-02	-1.995233e-01	3.755459e-02	1.860587e-01	-4.621631e-02	-1.414151e-01	7.134943e-02	6.632619e-02	-1.014193e-01	8.063363e-02	3.054063e-01	
-6.847095e-02	-4.826355e-02	1.098713e-01	9.049591e-02	-1.165119e-01	-2.409902e-01	-1.081039e-01	2.015892e-01	3.258344e-01	5.310456e-02	-2.112531e-01	-1.132183e-01	-3.007923e-02	-1.818657e-01	-9.504838e-02	2.214584e-01	1.220682e-01	-2.013331e-01	-4.858688e-03	
1.036918e-01	8.913544e-02	-1.139014e-01	-8.327238e-02	9.067261e-02	4.303949e-02	-1.060919e-01	-5.675208e-02	1.025157e-01	1.472161e-01	6.246905e-02	-7.167022e-02	-1.843202e-01	-1.934960e-01	-6.801515e-02	1.129434e-01	1.819347e-01	4.318627e-02	
1.354276e-01	1.159409e-01	-1.498148e-01	-1.157362e-01	1.399175e-01	1.928151e-01	3.690959e-02	-1.461590e-01	-2.055640e-01	-1.131373e-02	2.002030e-01	9.668075e-02	-7.189263e-02	-1.697510e-02	-2.050304e-02	-1.245927e-01	4.943007e-02	
-4.431409e-02	-2.940514e-02	7.574076e-02	5.778348e-02	-2.505953e-02	6.895696e-02	1.936472e-01	1.419603e-02	-2.648058e-01	-2.010313e-01	4.859820e-02	9.972814e-02	9.708264e-02	2.098808e-01	1.263551e-01	-1.854745e-01	
-1.594169e-01	-1.385063e-01	1.654721e-01	1.245874e-01	-1.042765e-01	-2.766497e-02	1.371148e-01	5.973020e-02	-6.695441e-02	-9.096923e-02	-1.111689e-01	-7.606470e-02	8.783831e-02	2.294461e-01	1.932801e-01	
-4.843271e-02	-6.186482e-02	-1.562365e-02	-1.979184e-02	-5.435015e-03	-3.248355e-05	-8.781288e-02	-6.453524e-02	1.367586e-01	1.525411e-01	-6.888935e-02	-1.284010e-01	-1.453155e-02	-1.430380e-03	
9.801994e-02	7.550607e-02	-1.295252e-01	-1.017696e-01	4.540902e-02	-5.274727e-02	-1.958710e-01	-4.496155e-02	1.705876e-01	1.412995e-01	3.867796e-02	3.962073e-02	-3.211838e-02	
8.612507e-02	9.563675e-02	-1.397138e-02	1.268630e-03	-1.828298e-02	-1.425969e-01	-7.254402e-02	1.188942e-01	6.724488e-02	-6.641113e-02	3.575640e-02	1.441783e-01	
-6.053195e-03	1.564338e-02	7.238361e-02	6.716604e-02	-1.454254e-02	-1.565661e-02	9.421861e-02	9.607732e-02	-5.428893e-02	-1.104697e-01	-2.310545e-02	
-3.812822e-02	-4.315129e-02	-6.721114e-03	-1.241494e-02	6.661995e-02	2.011130e-01	1.178869e-01	-1.046252e-01	-1.098574e-01	2.675490e-02	
-2.760414e-02	-4.504019e-02	-4.540634e-02	-5.112450e-02	3.214827e-02	1.266073e-01	2.918320e-02	-1.277764e-01	-7.480176e-02	
-2.875145e-02	-2.575013e-02	4.120493e-02	2.996300e-02	-9.315623e-02	-1.531343e-01	-5.005433e-02	5.276051e-02	
-9.742776e-03	1.702407e-03	5.694130e-02	5.613186e-02	-7.477173e-02	-1.756605e-01	-6.519411e-02	
3.786437e-02	3.266524e-02	-4.740519e-02	-3.022060e-02	7.569473e-02	7.994139e-02	
4.629693e-02	3.908494e-02	-6.849078e-02	-5.771154e-02	9.953141e-02	
2.598955e-03	1.287924e-02	3.063519e-02	2.010197e-02	
-2.497992e-02	-1.781789e-02	5.144702e-02	
-2.130202e-02	-3.596161e-02	
-2.741130e-02	
